Node	X-Coord	Y-Coord
1107	-11872.28	18258.68
677	-34775.16	-37362.00
1438	-79074.09	-58543.39
1486	-76360.00	-59990.00
1623	-69635.49	-56621.85
1564	-72800.00	-59760.00
1626	-69720.00	-59190.00
1497	-75874.00	-56038.98
1994	-103700.84	-35029.72
1566	-72780.00	-17600.00
1877	-96465.86	-30438.29
1909	-64627.93	-55755.16
102	-63680.00	-11810.00
1837	-95640.00	-48350.00
1961	-30237.99	-27238.20
2038	-97560.00	-38070.00
409	-49990.44	-53443.98
1880	-96430.00	-45580.00
1239	6493.44	2397.38
1314	-86030.80	-40595.08
293	-55580.00	-7560.00
1082	-13300.42	-19546.64
2044	-98413.74	-26959.93
1150	-10177.03	5643.84
743	-35470.00	-820.00
1595	-72256.51	-43099.50
2008	-108153.13	-24177.25
1472	-77265.34	-35029.72
1998	-100200.00	-45860.00
638	4746.78	4072.92
522	-36359.15	17600.34
1254	-87690.00	-42280.00
1873	-93683.18	-49917.08
1170	7115.02	-3849.86
690	-37880.00	-10600.00
486	-45520.00	-21770.00
2031	-105092.18	-21672.84
1594	-71978.24	-46995.26
156	-60035.08	6384.56
777	-30249.09	-21857.82
665	-39060.00	-37900.00
1310	-85700.00	-36070.00
619	-40360.52	-18583.64
378	-52494.22	-47569.72
1815	-93961.45	-52143.22
100	-62934.52	-50334.48
1450	-78250.00	-17990.00
1370	-83665.52	-21394.57
528	-43980.00	-20830.00
255	-56740.00	-12670.00
1711	-94657.12	-21672.84
1454	-78239.28	-41151.62
1259	-87422.14	-25707.73
1871	-92930.76	2092.74
1846	-95250.00	-45100.00
2000	-108014.00	-21116.30
1132	4406.42	-14716.13
1745	-89509.15	-40595.08
1945	-41805.01	-44391.85
1952	-35449.25	11846.92
2045	-96830.00	-28220.00
2032	-103561.70	-23759.85
1735	-91410.00	-43380.00
1437	-79692.26	-19316.30
466	-43734.00	18676.08
1142	-10780.00	-8070.00
1389	-82622.53	-19499.44
742	-35660.00	-46520.00
1148	-6306.91	15475.99
110	-63180.00	-19780.00
1384	-81021.97	-41012.49
936	-21004.37	-17813.25
1582	-72305.56	-23833.79
1515	-74621.79	-42821.23
570	-42864.30	6550.46
138	-62000.00	-29080.00
1865	-96465.86	-35307.99
437	-48040.00	-20380.00
1853	-95070.00	-43000.00
2033	-100083.35	-25290.32
1465	-77350.00	-28390.00
1869	-93265.77	-42682.10
815	-27195.41	9134.79
1630	-70169.50	-46160.45
1820	-91996.23	4071.73
1599	-70726.04	-2611.45
1440	-76847.94	171.23
2018	-98720.00	-43710.00
1801	-88250.00	-46410.00
1836	-96883.26	-41569.02
1844	-95491.92	-41151.62
8	-67055.50	-25176.82
651	-38723.43	-34954.52
851	-28226.81	-19065.14
753	-34690.00	-12810.00
2028	-105370.45	-20003.23
1965	-33720.00	-11030.00
1895	-60070.00	-8210.00
731	-33042.75	14894.86
1531	-74564.30	-17423.83
1224	181.47	-8664.82
2030	-104674.78	-22785.91
2004	-108709.67	-22785.91
2009	-106066.12	-25846.86
635	-39108.63	-21087.42
410	-49990.00	-15430.00
1712	-92560.00	-21930.00
1369	-82320.00	-41200.00
1935	-43550.00	780.00
652	-39860.00	-8020.00
1398	-78239.28	-2054.92
1423	-79920.00	-18170.00
714	-34101.06	-21568.92
1854	-97718.07	-9985.56
1872	-92655.90	9404.02
694	-37730.00	210.00
710	-33715.87	-38036.09
979	-20110.00	7380.00
322	-51893.88	17338.52
1348	-84361.19	-40595.08
959	-22010.00	-9720.00
1262	-87561.27	-27238.20
1825	-93544.04	-34612.31
53	-65750.00	-18030.00
1891	-59974.03	-17606.98
1435	-77961.01	-37116.73
744	3088.58	6603.85
1749	-92709.24	-12629.11
678	-38460.00	-7390.00
1418	-79630.62	-40873.35
1316	-84520.03	6545.47
121	-63183.44	-38613.89
2010	-99248.54	-31412.23
1780	-90065.69	-32525.30
61	-65390.00	-23010.00
756	-34440.00	-2590.00
333	-53553.51	-39480.58
1439	-78100.15	-33499.24
1823	-94517.98	-11098.64
706	-36701.14	-47666.02
11	-67943.35	-1080.98
236	-58936.23	-14615.67
405	-50100.25	-9107.94
1424	-76125.33	-3243.11
365	-52260.00	-40680.00
304	-54990.00	-23300.00
454	-46908.87	-44488.14
1131	7467.38	-24594.65
2011	-101196.42	-27933.87
87	-64570.00	-20250.00
1403	-80710.00	-49600.00
1876	-99805.08	-15411.80
1284	-86390.00	-45280.00
1011	-18790.00	-11120.00
967	-20737.15	-4218.09
1354	-82274.17	-39203.74
77	-66691.15	-3307.12
923	-24210.00	-1020.00
882	-26300.00	-14110.00
92	-64390.00	-17780.00
1308	-83387.25	-34473.18
609	-41780.00	-4540.00
976	-20490.00	-10560.00
418	-51146.03	-46414.13
880	-26300.00	-15030.00
1636	-69350.00	-20950.00
1920	-50020.00	-40680.00
1458	-77710.00	-21690.00
1252	-85195.99	-38229.80
893	-25870.00	3490.00
1493	-74621.79	-5533.27
794	-31019.49	-44969.64
1625	-69445.68	-11668.36
1925	-48156.22	14789.36
579	-42479.10	5298.57
1491	-76250.00	-17600.00
461	-46490.00	-32850.00
326	-54040.00	-44870.00
553	-43200.00	10550.00
10	-67160.00	-12610.00
1736	-91400.00	-46420.00
776	-32630.00	-16190.00
1642	-68990.00	-12860.00
1273	-88396.08	-33777.51
1221	-11.13	-47666.02
282	-56827.69	-32547.04
191	9554.39	-24177.25
1548	-73310.00	-20950.00
1269	-87140.02	-17790.12
1289	-85891.66	-21533.70
837	-30152.79	-14057.58
1459	-78378.42	-54925.91
65	-65290.00	-8920.00
1731	-89648.29	-36977.60
605	-44982.88	-50362.40
261	-56490.00	-10320.00
1499	-77006.19	13771.26
539	-44693.98	-41021.37
1950	-29551.80	18298.53
359	-52710.00	-16910.00
1234	-2996.40	-15502.07
305	-55031.43	-8586.37
737	-35690.00	-11180.00
383	-51430.00	-40680.00
1258	-87550.00	-32180.00
581	-42480.00	9370.00
302	-55160.00	-35430.00
1817	-100361.62	-7342.01
1078	5240.00	-970.00
786	-30511.81	15069.41
1719	-91457.03	-34751.45
555	-324.14	-49638.81
1449	-74621.79	-2889.72
1129	-11663.34	-10013.01
1121	-11952.23	-11168.60
928	-16881.11	21876.16
1349	-83108.98	-51169.28
1329	-83365.61	9568.94
1177	-8082.46	7214.77
1960	-35370.00	-3550.00
656	6493.44	-34194.91
655	-37664.14	-21087.42
1479	-74991.63	9864.25
292	-55590.00	-5680.00
1401	-80187.16	-34055.78
535	-43880.00	2070.00
842	-28020.00	-15730.00
1306	-85454.55	9678.88
1160	3849.89	-107.04
623	-40938.31	-26769.08
1357	-83010.00	-42280.00
704	-37340.00	-17440.00
1038	-18693.18	-15887.26
1436	-78795.82	-46856.12
641	-40350.00	-37900.00
1406	-80670.00	-27620.00
1772	-86726.47	-39064.61
1956	-36097.33	6080.21
1663	-71282.57	2814.78
336	-53610.00	-9810.00
501	-44840.00	-15930.00
747	-1780.00	-1650.00
617	-41560.00	-37900.00
1514	-73123.59	-12105.38
671	-38241.93	-47569.72
208	-15515.31	-15790.97
1765	-89826.09	-21697.14
1181	-2132.88	13110.71
187	4406.42	-33360.11
1615	-70310.00	-19280.00
136	-62000.00	-10090.00
1487	-75174.77	6872.94
868	-23442.64	17338.52
406	-49720.92	-5504.38
435	-48257.06	-47954.92
1788	-87004.74	-36977.60
925	-24160.00	3000.00
1094	1144.46	-7412.93
1141	-9740.66	9832.98
1236	2736.81	-2054.92
972	-19777.14	-6574.48
1412	-79352.36	-34890.58
211	-15707.91	-12131.59
682	-35545.55	-21954.12
1990	-101335.56	-35725.39
1845	-97578.93	-11655.17
1261	-87700.41	-23898.98
78	-65013.13	3083.69
295	-55768.40	-33317.43
660	-38819.73	-19546.64
1495	-76070.00	-21500.00
1812	-96048.46	-9985.56
1818	-92820.81	-1920.23
1632	-69741.58	-25665.20
1926	-44707.94	24241.45
578	-42093.90	-18583.64
1260	-87143.87	-21533.70
433	-48370.00	-16500.00
1878	-96590.00	-44140.00
310	-58079.58	-55466.26
548	-42671.70	-40539.88
666	-39020.00	-17450.00
1300	-85195.99	19510.88
308	-51195.69	2851.08
1627	-69680.00	-22340.00
857	-23093.54	20829.47
436	-48180.00	-17560.00
377	-51960.00	-44020.00
1464	-77450.00	-30080.00
334	-53710.00	-42950.00
47	-65860.00	-22190.00
1467	-77350.00	-26330.00
285	-57405.49	-34858.22
1948	-40264.22	-34954.52
445	-48257.06	-43043.66
1957	-35730.00	-6340.00
93	-64531.63	-32547.04
1367	-79213.22	-3446.26
2037	-95679.36	5006.26
1834	-99109.41	-36142.79
1814	-92430.97	-33081.84
1339	-84230.00	-2880.00
1165	-8960.00	-11600.00
1058	-17344.99	-22339.32
477	-44986.21	21597.90
1140	-7618.77	-39865.78
1979	-105231.31	-2472.32
1902	-57070.00	-44420.00
128	-62290.00	-15830.00
371	-52120.00	-9810.00
1408	-80743.70	-54369.37
1426	-79670.00	-27500.00
843	-26686.02	-44969.64
631	-30162.72	20742.20
275	-56140.00	-43720.00
1211	-4922.39	-12805.69
2013	-98413.74	-28212.14
1046	-16635.29	-3170.80
68	-64369.43	-15470.33
381	-51440.00	-16600.00
1263	-88422.01	-1368.43
1109	-13040.00	-8870.00
911	-24278.54	-18102.15
252	-56870.00	-23740.00
1695	-95352.79	-14576.99
1151	-4915.57	13388.98
1003	-17633.89	-38324.99
1560	-73526.50	-18888.97
490	-47871.86	-50940.20
1402	-80743.70	-38368.94
819	-26933.59	15331.23
1770	-88299.91	-11929.59
1617	-70300.00	-19790.00
1634	-69497.39	-19499.44
1739	-90790.00	-47510.00
1394	-79908.89	-12350.85
367	-52180.00	-19000.00
901	-25241.53	-8087.02
1605	-70740.00	-26270.00
169	-60740.00	-27000.00
1829	-98413.74	-34751.45
1087	-13959.29	-54230.23
1489	-76456.76	-16386.03
829	-28710.00	2900.00
625	-38916.03	-39769.48
1337	-84300.00	-35480.00
1973	-31420.00	-48730.00
719	-33234.37	-20509.63
500	-8950.00	-8550.00
1572	-72260.00	-28350.00
1413	-80290.00	-25620.00
708	-36970.00	-11180.00
1547	-71694.19	-9389.52
662	-39360.00	-12040.00
746	-33715.87	-18487.34
951	-21333.40	13528.11
811	-32175.08	-12227.89
12	-67050.00	-26380.00
1200	-2707.51	-51421.69
1764	-92848.37	-20420.63
1125	-12220.00	-5790.00
1927	-44960.00	4790.00
1077	-14263.42	-14346.48
1279	-85335.13	-42682.10
1277	-86407.45	-7167.91
1351	-82691.58	-54091.10
1430	-80424.83	-20598.29
278	-53930.36	3088.01
1164	-2550.29	-38647.21
62	-67386.82	5736.60
122	-62415.92	-22979.13
1291	-85430.70	-20048.86
258	-56630.00	-11190.00
1342	-83904.52	-17179.65
1692	-91996.23	-106.15
2021	-101057.29	-34334.05
2020	-93865.28	5281.12
219	-58700.00	-13000.00
38	-66050.00	-20190.00
1969	-33138.07	-14731.67
767	710.00	-900.00
1307	-86587.33	17702.14
299	-55220.00	-3430.00
1143	-10750.00	-6290.00
1455	-78030.00	-50890.00
1887	-96558.91	3467.04
732	-35990.00	-13480.00
1924	-46500.00	-35060.00
759	3937.14	-8472.22
178	-62509.35	-36687.90
129	-62190.00	-11960.00
1005	-19559.88	-18679.94
1755	-92152.70	-14716.13
645	6910.84	-27933.87
1374	-79908.89	-5811.54
982	-19463.58	-47280.82
184	-60160.00	-33760.00
1029	-18789.48	-21183.72
1842	-100083.35	-12489.98
1828	-100500.75	-10542.10
1618	-70290.00	-27200.00
196	-60101.86	-28406.17
1222	1484.61	-31551.36
327	-54000.00	-12000.00
376	-52590.52	-49303.11
1751	-89577.46	-1535.42
640	-40410.00	11620.00
216	-57471.10	-18827.92
1473	-79448.08	13710.22
802	-29028.16	12625.74
1069	-15770.00	-10760.00
1740	-92145.89	-9731.89
595	-42020.00	12940.00
1708	-92570.00	-23190.00
613	-30655.39	25771.92
785	-31384.55	3374.73
1194	-6900.00	-9820.00
155	2492.65	-11842.70
1699	-104674.78	-25012.06
670	-35834.45	16084.09
36	-66130.00	-27390.00
1443	-78239.28	-31690.50
1100	-14627.99	8611.15
1068	-11759.64	-48725.31
1525	-74200.00	-21150.00
845	-25723.03	-38036.09
1496	-75980.00	-11120.00
1364	-82744.62	-11074.93
669	-36604.85	-38421.29
188	-60872.26	-32450.74
915	-24228.10	-5003.55
1072	-15360.00	-8100.00
425	-49577.64	-38229.80
622	-40553.11	1928.10
457	5102.09	-36421.06
634	-40167.92	-45065.94
1425	-79670.00	-28720.00
627	-39301.22	-32354.44
150	-61360.00	-15830.00
431	-47919.14	-5219.88
70	-65120.00	-26580.00
35	-65995.47	-39064.61
1800	-88370.00	-9550.00
606	-41850.00	8500.00
1980	-100222.48	-37812.40
588	-29264.05	23545.77
1537	-67247.68	-52838.89
1393	-78959.70	-330.63
1483	-76152.27	-46160.45
1	-67460.00	-27940.00
1641	-69314.25	-18095.35
760	-32752.87	-11264.90
1355	-82317.29	-17545.93
644	-39782.72	-14442.78
1862	-94935.38	1284.31
683	-37375.24	-19450.34
1910	-51719.33	931.06
204	-59290.00	-27000.00
430	-48500.00	-35060.00
267	-55456.54	-20232.00
1311	-84514.99	-10525.51
1122	-11835.23	-2647.16
512	-44670.00	-34400.00
833	-29189.80	-46317.83
681	-38310.00	-13280.00
1385	-80882.83	-32386.17
117	-62900.00	-33700.00
1371	-81706.82	-26458.81
1516	-74343.53	-44769.11
698	-35942.49	-26264.26
434	-50279.34	-49592.01
449	-49605.25	-45162.24
1587	-71206.71	-16263.94
585	-34351.86	18647.63
1580	-71890.00	-21330.00
1533	-73940.00	-27360.00
51	-65790.00	-19730.00
515	-39838.25	25911.06
858	-25013.57	16378.51
385	-51270.00	-17740.00
667	-38241.93	-41599.17
1803	-88240.00	-20100.00
498	-41925.26	18815.21
1917	-52120.00	-8200.00
142	-62027.85	98.41
949	-22540.00	-600.00
1388	-81096.35	-17973.26
1593	-72256.51	-45186.51
1485	-76370.00	-53600.00
1356	-82256.25	-391.68
1885	-96668.86	-326.04
1771	-89400.00	-42620.00
1295	-85784.39	-1425.48
1898	-59160.00	-3430.00
243	-57170.00	-28770.00
99	-63183.44	-32354.44
1243	-88642.93	16385.48
1383	-82274.17	-31412.23
344	-53170.00	-44020.00
321	-56346.19	-53636.57
1225	-4504.24	1891.07
54	-65109.43	-28117.27
245	-57120.00	-43080.00
1171	-8867.93	-6399.93
1235	2041.14	-40873.35
213	-59040.00	-24990.00
472	-46090.00	10550.00
1727	-91171.65	-2689.84
1864	-94935.38	-1220.11
1962	-31308.39	-21954.12
1863	-94796.25	-2889.72
1964	-32560.28	-18102.15
1860	-96326.73	-4141.93
1650	-68703.78	-19011.06
514	-45880.29	-6120.77
366	-54323.91	-52384.68
1220	93.26	-18333.62
1508	-74695.93	-9246.58
597	-602.41	-25986.00
940	-21293.26	-16465.06
793	-31270.00	100.00
1461	-77650.00	-19660.00
483	-47101.46	1157.70
137	-62000.00	-27000.00
1353	-83108.98	-44769.11
1184	8023.91	-29742.62
1193	4962.96	-26959.93
1312	-85014.78	16220.56
140	-61950.00	-1750.00
1944	-42382.80	-45547.44
1802	-88240.00	-22330.00
1330	-81161.10	-36560.19
234	-56433.30	2904.87
56	-66139.79	-23894.83
1710	-92560.00	-24600.00
1375	-81578.50	-11794.31
1360	-82927.76	2172.30
75	-64064.19	-21758.18
1674	-68703.78	-16019.75
419	-50857.14	-47858.62
847	-27850.00	-1730.00
1698	-97996.34	-25290.32
1700	-100918.15	-26542.53
840	-28226.81	-4620.25
810	-30010.00	1700.00
877	-21055.13	22850.10
1429	-81096.35	9375.87
1758	-90375.52	-10098.18
713	-33715.87	12809.91
251	-56982.72	-14188.33
1624	-69070.06	-15104.04
1601	-70168.91	-16019.75
411	-48545.95	-52480.98
88	-64550.00	-42800.00
1480	-76520.00	-28910.00
44	-65890.00	-30970.00
194	-59640.00	-36670.00
335	-53360.92	-40925.07
1191	-7310.00	-11070.00
1214	6215.17	-19446.69
696	-4729.79	-27443.18
1006	-18118.94	-6399.93
112	-62413.05	-35243.42
1934	-44405.09	-47184.52
1304	-85930.00	-9550.00
1478	-77554.72	-11962.44
96	-64339.03	-864.58
1721	-95074.52	-15829.20
1153	-3863.10	-36880.50
180	7884.78	-21394.57
201	-58997.28	-18950.01
388	-51120.00	-35170.00
1055	-17010.00	-13210.00
1638	-69280.00	-27670.00
1199	3710.75	-49917.08
485	-45670.00	12490.00
648	-40360.52	-36495.31
896	-23508.15	-48532.71
1936	-45368.08	-46317.83
1103	-8774.36	-44295.55
1970	-32590.00	-46360.00
463	-46042.17	-23109.71
233	-57309.19	-31487.74
2014	-99160.00	-42450.00
1611	-70450.00	-24440.00
712	-36680.00	-13400.00
1940	-42190.20	3854.08
1386	-79448.08	2965.92
499	-42342.66	20902.23
1677	-67860.00	-26380.00
1004	-21678.46	-25998.69
1716	-91735.30	-15968.33
230	-58946.27	-32835.93
740	-781.52	-14153.88
1063	-15033.81	-19835.53
1428	-77697.66	-7531.31
1204	2492.65	-28406.17
28	-66490.00	-32380.00
1616	-70310.00	-21330.00
441	-47770.00	-38990.00
1975	-103422.57	-44629.98
1743	-90560.00	-8270.00
557	-43030.00	-10790.00
1365	-81951.01	-9731.89
1835	-103700.84	-7342.01
836	-25626.73	-30332.15
397	-51120.00	-33210.00
1756	-91596.16	-13463.92
491	-45656.98	-48532.71
1773	-80326.30	22293.57
1521	-74410.00	-30220.00
1750	-88674.35	-35586.25
1167	8944.70	-8279.62
1124	-6752.07	-48436.41
1989	-101561.37	-381.01
800	-28804.61	-39384.28
1831	-98552.87	-14159.59
1985	-106205.25	-4698.46
1833	-93480.48	7425.03
1123	-11374.44	-15020.57
1939	-42864.30	-30813.65
179	-60430.11	-40177.68
1417	-80080.00	-22940.00
247	-55456.54	-18827.92
177	-60968.56	-31391.45
1686	-66134.61	-49917.08
941	-20811.77	-48725.31
881	-26300.82	-17716.95
131	-60828.69	-17606.98
1886	-105509.58	-8594.22
2017	-98552.87	-51586.69
1672	-68094.70	-29658.06
206	-57402.20	-5267.30
910	-24952.63	-16079.86
772	-32870.00	-48250.00
503	-44405.09	-45258.54
109	-63210.00	-9000.00
63	-64146.43	-29754.36
908	-24182.24	-15116.87
879	-26370.00	5640.00
134	-61317.07	-18888.97
1702	-98552.87	-8733.36
1407	-79352.36	-39621.15
1653	-68600.00	-32210.00
2025	-98098.13	-106.15
181	-59058.32	5041.52
920	-25145.23	-26576.48
329	-52638.59	-5115.87
341	-52494.22	-41791.77
1466	-77350.00	-27220.00
1245	-87628.40	-9487.70
1664	-68360.00	-30970.00
459	-45960.15	-33777.51
59	-65205.73	-29080.26
1606	-70447.77	-37673.27
917	-23219.25	-15887.26
924	-22256.26	-46703.03
1482	-76847.94	-44629.98
1474	-76430.54	-37673.27
256	-56923.99	-39769.48
1822	-99944.22	-6228.94
444	-47871.86	-26094.99
1718	-92710.87	14461.45
487	-47486.66	3083.69
1021	-17855.05	-50891.01
654	-39108.63	10402.43
185	-60120.00	-5380.00
5399	-89926.55	-44769.11
1819	-91178.76	-41986.43
1794	-88600.00	-45310.00
1332	-84639.46	-44629.98
736	-30634.29	-24169.00
943	-22831.72	-5178.10
1527	-74150.00	-25420.00
1415	-79491.49	-32664.44
460	-46812.57	-48917.91
1352	-82927.76	4614.19
2034	-102726.90	-16385.74
543	-43345.79	-41695.47
1559	-73552.41	-3100.17
83	-63881.05	-26703.00
973	-20680.00	-12940.00
1916	-53014.66	-21208.76
154	-60872.26	-3272.06
1188	8858.72	310.37
1113	7500.22	-10205.61
494	-47197.76	9054.24
1392	-79509.12	4980.47
1237	4996.43	-6835.13
709	-36960.00	-46620.00
1589	-71320.00	-28650.00
224	-58320.00	-38810.00
1104	-13450.00	-11060.00
263	-56380.00	-20770.00
1691	-67500.00	-21500.00
1717	-92410.00	-8770.00
1509	-75100.00	-27570.00
735	-2496.94	2414.71
1395	-79753.31	6995.03
1643	-73230.45	1562.57
1507	-74838.87	-11390.68
1933	-43272.45	-4650.90
1518	-74550.00	-26480.00
104	-62894.54	-3560.96
1274	-85613.39	-47551.79
225	-58260.00	-31750.00
1707	-93822.31	-12211.71
523	-39559.98	18815.21
1197	-1455.62	-21376.32
1007	-19166.23	-3868.99
2039	-103283.44	-9707.30
1629	-69660.00	-28150.00
467	-46400.00	-38990.00
504	-44886.58	-27154.28
205	-59290.00	-2460.00
1275	-87978.68	-48108.33
1159	-5638.80	2589.26
574	-37194.70	22850.10
97	-64010.00	-40930.00
1334	-84500.32	-29603.48
508	-44693.98	-25131.99
1073	-16198.92	2501.99
1411	-78239.28	-38786.34
495	-45240.00	3490.00
291	-54936.60	-1805.99
590	-42479.10	-47088.22
1753	-92848.37	-18611.88
464	-48160.76	-45547.44
1336	-84245.17	12262.57
227	-58100.00	-40930.00
1488	-76340.00	-19720.00
1504	-75550.00	-22870.00
1399	-79081.79	1195.55
5	-67525.95	-5255.00
1586	-69693.03	-8388.95
1293	-85474.26	-22925.04
1340	-83665.52	-46438.72
484	-46619.97	-45836.33
600	-42864.30	-51325.39
628	-38627.13	-25902.39
42	-65920.00	-26460.00
814	-26204.53	-40250.98
1115	-9833.65	-34569.32
424	-48680.00	-38990.00
1963	-32078.78	11558.02
1662	-68380.00	-21430.00
1414	-78126.48	-6244.85
1575	-72117.38	-3724.53
1322	-84392.90	-4848.12
818	-29960.20	-48051.22
25	-66560.00	-28320.00
496	-18870.00	3220.00
1302	-85454.55	-4503.91
674	-34582.56	14254.40
1520	-73409.47	-9246.58
1421	-79960.00	-24040.00
1410	-80390.00	-29770.00
158	-60970.00	-12620.00
593	-40264.22	-24169.00
1456	-76152.27	-6785.48
1635	-69360.00	-23170.00
1639	-68886.92	-24200.07
209	-58919.49	-8776.03
1463	-77490.00	-22750.00
954	-21784.44	-11810.90
1335	-81439.37	-34612.31
1420	-79213.22	-30994.83
903	-25410.00	-960.00
375	-51960.00	-42950.00
1517	-74343.53	-46716.99
1404	-79769.76	-48804.00
217	-57776.33	-17301.74
755	-33915.49	2851.08
349	-52686.82	-29658.06
1541	-73570.00	-28800.00
212	-57639.27	-6594.93
1179	-4055.70	-16368.76
1720	-92350.00	-5410.00
1723	-91831.31	-4064.14
1315	-85509.53	443.57
869	-26770.00	-46850.00
395	-52360.32	-37395.00
160	-60930.00	-22910.00
1345	-83477.19	-18217.45
1579	-71990.00	-19210.00
551	-2514.91	-48147.52
1607	-70640.00	-23270.00
1470	-76840.03	-8246.01
309	-54780.00	-10030.00
513	-47871.86	7320.86
475	-46060.00	-37900.00
1900	-57349.00	4675.24
244	-57160.00	-26970.00
944	-21293.26	-44777.04
1633	-69400.00	-26650.00
629	-40850.00	-33530.00
148	-61404.05	-45325.65
1923	-46890.00	-36350.00
1571	-72320.00	-31810.00
1144	-10026.25	-18487.34
345	-54131.31	-33991.53
1018	-17944.39	-3694.45
1086	-14480.00	-5680.00
426	-48510.00	-34170.00
509	-45753.27	7417.16
701	-32752.87	-24072.70
1195	-4155.14	6952.95
2003	-100050.00	-42680.00
1139	-11278.14	-18776.24
241	-57310.00	-16070.00
1696	-92152.70	-40038.55
1608	-70630.00	-30060.00
1013	-14263.42	-43043.66
167	5380.36	-22646.77
290	-55590.00	-42350.00
521	-3385.09	-41012.49
382	-51440.00	-41800.00
1247	-87994.68	-3382.99
373	-52120.00	-6980.00
934	-23180.82	-10938.17
1169	-2967.69	-30577.42
1158	-10020.00	-13750.00
52	-65780.00	-42160.00
1954	-34133.75	-26959.93
103	-63761.24	-94.19
200	-58325.76	-21880.28
106	-61439.16	-24505.31
1621	-69828.09	-29465.46
1290	-86309.07	-23898.98
679	-36412.25	-40828.77
806	-30130.00	-1940.00
603	-41910.00	-12310.00
1578	-71990.00	-31090.00
1500	-75880.00	-32310.00
1445	-79325.98	-15714.51
1726	-92020.00	-7710.00
17	-67247.68	866.90
1442	-77404.48	-7063.75
598	-463.27	-32247.03
1889	-61161.16	-36013.81
1053	-16574.60	-17813.25
1350	-84222.05	-22646.77
1344	-83248.11	-28768.68
1346	-83049.86	-27557.66
931	-23700.74	-7798.13
401	-50700.00	-23380.00
1492	-75541.06	-20476.19
399	-50990.00	-18970.00
3	-67299.69	-22734.94
950	-22490.00	-13100.00
1912	-54035.01	-54214.37
58	-65590.37	-15104.04
568	-41612.41	-35821.21
552	-42575.40	-39673.18
1596	-69009.01	-14249.38
1008	-18031.67	-9541.79
152	-61378.12	8032.83
1363	-82570.00	-13810.00
1309	-85780.00	-33990.00
1232	-3574.20	-10590.81
237	-57501.78	-30139.56
392	-51120.00	-34060.00
978	-20380.00	-14130.00
1511	-75050.00	-19480.00
379	-51810.00	-42670.00
1213	8110.00	3110.00
1462	-73508.72	-49499.67
716	-31629.33	-28768.68
883	-25337.83	-20605.93
300	-55180.00	-28180.00
1397	-81030.00	-23970.00
1320	-84576.04	-8388.85
1588	-70865.17	-5394.14
1296	-85369.65	-11197.02
446	-47510.00	-22630.00
2043	-102726.90	-12768.25
254	-56453.89	-8444.12
218	-57971.18	-9724.34
1763	-90436.56	-23284.36
561	-35246.82	21041.36
1281	-86620.00	-50810.00
2042	-103561.70	-18611.88
287	-54512.09	669.24
1911	-54998.00	-40539.88
1319	-86169.93	-54091.10
1510	-75050.00	-24320.00
895	-25820.00	-2890.00
1544	-72813.05	-35725.39
932	-23219.25	-14250.18
111	-63140.00	-31230.00
711	-34678.86	-25228.29
162	-60958.34	-7353.57
1303	-85796.98	-3138.80
519	-42479.10	-26094.99
1048	-16897.11	-7185.40
417	-51820.13	-30621.05
1986	-101700.00	-42320.00
221	-58255.67	-5836.28
1064	-17730.19	-54695.87
248	-54601.88	-16813.36
1323	-84331.85	-9243.51
725	-36300.00	2280.00
423	-50375.64	-44584.44
2024	-104535.64	-16524.87
965	-21370.00	2550.00
82	-63472.34	-28791.37
824	-26974.92	-42176.96
1321	-84270.80	-6313.25
1577	-71878.23	-19987.82
175	-60247.11	-6879.42
164	-61242.83	-5694.04
647	-37144.62	10705.72
939	-22641.45	-20220.73
356	-52790.00	-34980.00
296	-7646.09	11927.55
149	-62509.35	7031.96
1271	-88697.91	2312.62
1257	-90072.21	-820.78
1915	-51525.52	15893.39
1928	-40812.19	22432.70
249	-57050.00	-26050.00
1112	-13300.42	-28117.27
105	-62782.20	-17057.55
702	-35352.95	-19835.53
538	93.26	14919.46
1196	-7820.64	-1163.51
273	-56200.00	-2120.00
906	-23508.15	-43428.85
270	-54113.50	4736.29
1748	-91006.73	16880.22
107	-62782.20	-18217.45
215	-58940.00	-24050.00
286	-55837.49	-3702.60
1209	3455.65	-17331.75
558	-43020.00	-12830.00
1390	-82135.04	-15133.53
554	-44790.28	8380.15
492	-45849.57	-51614.29
1859	-96465.86	-22785.91
927	-19385.52	19093.48
1433	-76517.81	4797.33
871	-26710.00	-11730.00
1905	-56210.00	-30300.00
873	-24856.34	-41213.97
257	-57117.71	-8823.45
363	-51108.12	-2054.92
1907	-55590.00	-4350.00
1892	-60721.27	-10198.49
1847	-107457.46	-19168.42
1343	-84020.00	-14040.00
1157	-10020.00	-11950.00
751	-10892.94	-28598.77
1687	-67421.79	-14615.67
1154	-8485.46	-23494.91
1694	-95770.19	-17498.81
1535	-73860.00	-34050.00
724	-36320.00	-1410.00
408	-50020.00	-39510.00
159	-60104.87	-11146.79
1249	-87268.63	8579.44
462	-46427.37	-26287.58
718	-34775.16	-18872.54
1173	-6463.18	-22050.42
992	-19510.00	-13510.00
429	-48881.97	-36281.92
1558	-72534.78	-6646.34
1583	-71650.00	-33510.00
1832	-98274.61	-18333.62
602	-41910.00	-10240.00
387	-51120.00	-36370.00
781	-32450.00	-870.00
1523	-72256.51	-39621.15
1786	-88849.34	-10586.55
862	-29478.70	-13190.89
240	-57340.00	530.00
1172	3015.08	-35307.99
707	-37010.00	990.00
912	-23989.64	-20509.63
1804	-90621.93	7589.94
1734	-90841.82	-1480.45
534	-45368.08	-40058.38
530	-43920.00	-38760.00
101	-63568.64	-2020.17
1471	-77190.00	-23700.00
1543	-73123.59	-7531.31
1513	-74625.35	-20048.86
608	-40360.52	-41213.97
1475	-76920.00	-24350.00
1565	-72780.00	-16800.00
1921	-49894.14	-42465.86
1538	-74381.16	-23650.64
1116	-6752.07	-36399.01
37	-65160.67	-46856.12
1741	-90640.00	-5920.00
1744	-89742.38	-3514.42
81	-65590.92	1542.90
1501	-75870.00	-19050.00
792	-4776.43	10606.30
577	-42864.30	-43525.15
1532	-73404.41	8704.35
1333	-84025.28	1652.96
1227	-5110.00	-10070.00
95	-63953.83	-3560.96
1747	-89787.42	-49221.40
1754	-88813.48	-50751.88
450	-45753.27	-28695.07
1490	-74065.26	-39760.28
1972	-31740.00	-7150.00
348	-52590.52	-27732.07
422	855.57	-3849.86
2047	-96883.26	-50473.61
1746	-89370.02	-39064.61
250	-12533.42	7214.77
391	-51338.63	-31584.04
1996	-98867.74	8689.39
197	-59607.75	279.84
210	-56534.35	-663.57
1701	-94282.54	-26703.00
1715	-91962.74	-26580.91
1598	-71060.00	-25540.00
1590	-72610.79	-24871.59
1913	-54035.71	-6879.42
559	-42987.96	-11763.19
657	-38241.93	6357.86
1703	-90347.07	4016.76
1223	-4416.97	843.79
1637	-69334.69	-3028.85
855	-26782.32	-21857.82
1706	-89357.57	5391.06
1022	-18260.00	-660.00
517	-6752.07	-14539.08
1775	-89120.00	-22940.00
1918	-51500.00	-25700.00
1545	-74686.40	-15897.66
1875	-93265.77	-46577.85
1861	-94790.00	-47440.00
820	-30826.89	-12805.69
1931	-41901.30	-27346.88
721	-36400.00	1710.00
2023	-98270.00	-45120.00
144	-60035.08	-20659.33
685	-33855.48	-29186.08
1897	-57471.10	5835.13
1217	-5054.70	-41986.43
1280	-86608.97	4676.42
571	-42800.00	-37900.00
1705	-94587.77	-25726.25
339	-53540.00	-7740.00
1830	-100779.02	-4420.20
1255	-87750.49	-10708.65
1671	-67804.22	-3585.39
546	-5114.99	-47954.92
319	-54300.00	-26980.00
516	-44310.00	-36360.00
1760	-90192.38	-11380.17
1592	-71004.31	-34890.58
1244	-89520.86	-9365.61
26	-66383.98	-16263.94
1857	-95213.65	-37951.54
297	-55270.00	-12360.00
320	-57309.19	-50266.10
1387	-81157.40	-16813.36
456	-47212.36	-37395.00
404	3070.45	-24265.30
173	-59716.67	-30139.56
1709	-96605.00	-20559.76
1888	-62934.52	-44351.71
563	-1187.84	-4654.46
1452	-78230.00	-15650.00
427	-48500.00	-32730.00
229	-13107.83	-16465.06
1347	-82622.53	7056.08
1848	-96187.59	-23898.98
1838	-106900.92	-21672.84
892	-25145.23	-46317.83
76	-65160.67	-2054.92
1841	-100083.35	-23759.85
676	-36412.25	14061.80
1809	-93404.91	-41569.02
5402	-93265.77	-45047.38
1266	-86773.74	-9548.75
686	-24811.76	24380.58
1341	-84026.61	-15531.37
1359	-81951.01	-4298.69
1185	1625.96	-42658.46
1551	-72117.38	-37395.00
474	-46060.00	-15850.00
1133	-8003.97	-54118.07
1850	-91169.13	-22368.65
1552	-70308.63	-51586.69
274	-56200.00	-3150.00
29	-67943.35	4484.39
636	-39204.93	-42562.16
439	-48010.00	-18730.00
1149	-11181.84	-21376.32
421	-54323.91	-51036.49
1542	-73560.00	-22250.00
34	-66130.00	-31810.00
916	-38446.91	-60213.00
1095	-13406.16	494.69
1688	-67727.02	-19743.63
1679	-68032.26	-20842.48
1689	-67570.00	-20400.00
902	-23797.04	-45643.74
582	-41997.60	-42754.76
963	-21810.00	-14090.00
1704	-94100.58	-16664.00
1268	-87320.00	-58010.00
1534	-73890.00	-29610.00
1002	-19090.00	-12800.00
220	-58560.00	-11730.00
684	-35664.22	-27933.87
506	-44680.00	-32820.00
969	-20920.00	-200.00
125	-62450.00	-41950.00
1120	4823.83	-3446.26
1093	-12722.63	-14153.88
850	-26878.62	-12805.69
1644	-68260.29	-8965.69
779	-30826.89	-17813.25
1233	2597.68	-45047.38
828	-25973.58	11142.09
1301	-85430.70	-7595.24
799	-30700.00	-4870.00
89	-65021.54	-45047.38
331	-53938.71	-49303.11
1283	-85195.99	-52421.49
1762	-91317.90	-19307.55
324	-54080.00	-25340.00
420	-49270.00	-31660.00
1419	-81706.82	-21025.62
1937	-47582.96	6068.97
573	-40071.62	5972.67
1427	-79670.00	-21960.00
1240	1206.34	-39203.74
749	4545.56	-38647.21
1373	-81021.97	-7342.01
1640	-70840.43	9131.68
21	-67804.22	-38925.47
393	-51049.73	-27057.98
1811	-101752.96	-8455.09
1930	-44300.00	-37900.00
202	-59350.00	-11210.00
1162	-2967.69	-43934.31
174	-62795.39	-47134.39
176	-59524.07	-31295.15
351	-49973.85	19258.55
1951	-39879.02	-50843.90
637	-41034.61	-17524.35
650	-39940.00	-15930.00
1292	-86290.00	-18400.00
527	-43990.00	3230.00
412	-51531.23	-49880.90
1759	-90072.21	18914.19
807	-26878.62	-34376.72
1971	-28900.90	-36495.31
587	649.80	9214.95
27	-66445.03	-14371.48
123	-62520.00	-7480.00
118	-62820.00	-5660.00
1737	-91390.00	-6760.00
738	-35660.00	-47580.00
730	-33479.12	9483.89
1448	-78654.46	-19133.16
1799	-88849.34	-14676.71
2015	-99526.81	-1776.65
1874	-96605.00	-13463.92
189	8023.91	-17916.21
127	-62350.00	-6850.00
119	-62820.00	-6680.00
1821	-95074.52	-12907.38
1446	-80743.70	-43099.50
796	-30441.69	-42562.16
414	-49500.00	-28050.00
1032	-17537.59	-27250.58
279	-59312.14	20305.83
1278	-84698.13	-15897.66
1810	-96605.00	-36699.33
1757	-90080.00	-6950.00
1546	-72813.05	-27516.47
49	-65830.00	-10120.00
788	6076.03	-2194.05
1536	-73810.00	-32330.00
1631	-69195.56	-39899.41
918	-18307.99	-33124.83
1242	-88200.00	-13710.00
885	-23966.28	13498.48
390	-51120.00	-32310.00
562	-43056.90	7994.95
416	-49480.00	-25890.00
9	-67240.00	-19420.00
277	-56090.00	-45300.00
1553	-73080.00	-28120.00
1778	-87422.14	-19029.29
368	-50968.98	-3724.53
1331	-84270.80	-12173.78
835	-28500.00	-3100.00
1792	-89093.53	-13944.15
1729	-88697.91	6600.45
1868	-96883.26	-18611.88
317	-54520.00	-36610.00
1135	5241.23	1145.17
1852	-95070.00	-44020.00
1867	-93404.91	-43934.31
536	-41507.86	24102.31
1782	-88910.39	-19438.39
4	-67360.00	-34050.00
1313	-85195.99	-49082.27
1288	-85430.70	-19011.06
438	-51242.33	-51325.39
1230	2685.25	-5583.24
1724	-91556.45	6380.56
2041	-103422.57	-4976.73
1067	-15130.11	-27732.07
1379	-82969.85	-25429.46
145	-60767.64	-21636.09
141	-63026.39	-22246.56
1793	-88055.73	-7290.01
1713	-95213.65	-19029.29
1382	-81716.45	19024.14
537	-38446.91	21041.36
139	-62000.00	-30470.00
1808	-93265.77	-37116.73
1614	-68917.29	1006.04
2036	-97650.00	-46350.00
668	-38434.53	-768.28
1187	6215.17	-31412.23
863	-27060.00	-330.00
214	-58540.16	-10625.23
60	-66134.61	5458.33
1675	-67902.10	-28983.96
1768	-89430.00	-8650.00
1779	-88177.82	-8449.90
1231	1902.01	-37395.00
1317	-84959.80	13911.73
1318	-86279.13	12592.40
1372	-84778.59	-28073.01
790	-31597.28	-52384.68
1840	-98970.28	-22785.91
1270	-89642.95	-16813.36
529	-43970.00	9650.00
900	-25799.03	-5876.29
80	-64047.60	-4837.60
1099	-13107.83	-23880.10
1166	-8960.00	-13750.00
945	-15611.61	-34858.22
389	-50760.84	-28502.47
827	-28710.00	-14940.00
1849	-95352.79	-23759.85
768	-9391.57	58.32
1569	-73709.64	-24200.07
1409	-80743.70	-14298.72
2006	-99800.00	-39760.00
69	-65299.80	-3724.53
783	5241.23	-4837.60
1238	2685.25	-4042.46
260	-51976.85	6811.89
1071	-15033.81	-24072.70
615	1430.37	4596.56
268	-7040.97	-51036.49
618	-10411.45	-52577.28
1530	-74080.00	-30340.00
762	-31384.55	7214.77
1997	-107457.46	-16664.00
306	-64627.93	-51517.99
350	-53039.99	-1568.91
332	1762.87	-52004.09
1646	-68880.00	-31500.00
289	-10020.00	-15450.00
639	8270.61	-5679.54
1682	-67324.31	-30524.75
1941	-41708.71	2794.79
1967	-31886.18	-20028.13
773	-27745.31	-28598.77
1250	-86895.83	-11807.50
235	-56057.30	-38517.59
440	-47634.65	-8491.54
298	-55094.30	-43139.96
170	-60680.00	-1940.00
653	-38723.43	12039.52
870	-23604.45	-30332.15
1766	-90619.71	-24749.49
624	-40745.71	-29176.56
1366	-83387.25	-58265.13
1597	-71080.00	-30710.00
153	-61240.00	-42400.00
328	-52953.61	-26092.53
1894	-60012.70	-41986.43
1776	-89100.00	-52480.00
239	-56153.59	-37265.70
13	-67040.00	-9170.00
1178	-4248.29	-19065.14
222	-58430.00	-3370.00
1248	-87445.25	-14188.33
1481	-74900.06	-35864.52
705	-37290.00	-6860.00
497	-39762.83	16989.43
493	-45280.00	13880.00
1338	-84637.08	-19682.58
894	-23508.15	-33510.03
864	-25626.73	-33991.53
1265	-86651.64	-3993.46
1660	-68639.02	-5672.40
198	-58899.63	-42682.10
518	-42479.10	-23591.21
98	-63568.64	-34761.92
264	-56330.00	-41740.00
386	-51434.93	-38421.29
812	-29930.00	-10910.00
889	-23791.73	10618.45
567	-43153.19	-32643.34
1968	-30634.29	-41117.67
673	-38730.00	-15930.00
1226	-4155.14	-3781.72
1362	-82552.44	-22646.77
407	5444.97	5731.12
132	-61011.83	-19682.58
330	-53893.47	-5694.04
1807	-98831.14	-20977.16
1494	-76190.00	-33700.00
1327	-82691.58	-56456.38
1378	-84778.59	-26820.80
1949	-40420.00	-13240.00
1145	-2584.22	-3432.63
1657	-69056.43	-36421.06
303	-6559.48	-43428.85
1870	-98135.47	-24038.12
1119	-12660.00	-6820.00
1391	-81995.91	-24872.92
147	-140.00	870.00
775	-32640.00	-5120.00
1416	-73981.23	-241.38
1570	-71145.66	-22307.61
1563	-72488.70	-22185.51
1784	-89276.67	-23955.88
1783	-89093.53	-25176.82
1453	-78656.69	-44490.84
1562	-73091.32	-14020.46
1581	-70865.17	-39899.41
165	-60820.00	-38810.00
646	-40050.00	13280.00
1673	-68020.00	-10420.00
1806	-87201.07	-6923.72
778	510.67	-35029.72
826	-29960.20	-52192.09
822	-29863.90	-50458.70
1984	-104118.24	-802.71
1805	-88230.00	-55350.00
90	-63857.54	-7605.53
1405	-78795.82	-13185.65
199	-58081.57	1989.16
1549	-73300.00	-28900.00
1813	-92013.57	-53256.30
114	-63664.94	2120.70
1210	-2411.15	10606.30
2029	-107457.46	-10681.23
1977	-103700.84	-40873.35
2040	-103144.30	-14716.13
2035	-107318.33	-13881.32
1728	-92152.70	-11516.04
589	-42220.00	11030.00
398	-51020.00	-19860.00
675	-37664.14	-35821.21
649	-38434.53	-28020.97
1460	-77680.00	-29630.00
190	-58064.83	3649.59
195	-59393.64	-5883.70
964	-20737.15	-8232.68
1381	-84361.19	-25568.59
1506	-75430.00	-32340.00
1851	-93961.45	-24455.52
1843	-96326.73	-25429.46
1839	-103144.30	-21116.30
658	-39490.00	-9230.00
757	-31995.47	4683.83
1264	-85858.03	-12295.87
763	-31995.47	13323.93
1326	-84639.46	-55065.04
750	-31351.06	-35447.12
1215	-6249.71	-290.77
1256	-87873.32	10448.49
621	-27872.71	25911.06
2016	-97273.55	2092.74
853	-27167.52	-5198.05
242	-54035.01	-37554.60
1526	-73695.35	-8246.01
168	-60679.66	-37650.90
124	-62450.00	-40930.00
664	-39120.00	-9820.00
157	-45.87	-44351.71
1651	-69195.56	-34751.45
1014	-14456.02	-39962.08
207	-59317.03	-44490.84
748	-29681.45	-31412.23
1742	-90680.75	-17240.69
396	-50471.94	-29561.76
955	-22270.00	-7300.00
1647	-68880.00	-33240.00
1929	-45271.78	-30235.85
32	-64604.13	-37255.86
1603	-70726.04	310.37
1899	-59110.00	-16380.00
413	-48257.06	-28887.66
852	-28419.41	-49688.30
1001	-17826.49	-46028.93
795	-31130.00	-2940.00
1457	-77372.47	8887.49
1136	-11486.14	1280.16
699	-37390.00	-2960.00
1228	11544.78	-4523.95
1947	-40938.31	-43139.96
766	-8774.36	-20317.03
560	-42093.90	-15790.97
1981	-101752.96	-40177.68
269	-55286.90	-31295.15
861	-26108.23	-50362.40
859	-26589.72	-48340.12
1769	-90436.56	-26458.81
415	-49480.00	-23750.00
575	-32742.40	22432.70
1609	-69612.96	-524.44
1108	-13130.00	-4260.00
816	-29730.00	-6970.00
476	-45542.75	-36003.66
2046	-100500.75	-20559.76
874	-25048.93	-49110.51
1958	-35352.95	-52192.09
453	-47871.86	-30621.05
20	-66740.00	-11170.00
841	-28060.00	-8270.00
448	-47390.36	-27539.48
1451	-78250.00	-20560.00
680	-6686.08	-2908.98
1096	-3893.32	-988.96
1938	-37057.34	19171.27
752	-34101.06	-14346.48
347	-52526.28	-23650.64
565	-42960.60	-33702.63
1645	-69334.69	-38090.67
1959	-35660.00	-49300.00
803	-29767.60	-8279.62
2026	-105231.31	-12350.85
23	-66445.03	8765.40
193	-56921.67	7544.45
860	-27071.22	-6738.84
502	-7733.37	3898.37
1893	-60872.26	4239.28
620	-24394.35	26050.19
610	-35385.95	26467.59
844	-27970.00	-11740.00
1539	-73600.00	-29710.00
1774	-74065.26	21458.76
18	-66940.00	-33030.00
1619	-68499.89	-2054.92
1620	-68639.02	-4281.06
769	-32849.17	-52480.98
1781	-89050.00	-26200.00
1138	371.53	12275.91
1628	-69057.70	-28695.07
550	-43430.00	-15920.00
689	-37086.34	-43525.15
789	-31630.00	-2930.00
40	-64724.23	4720.78
770	-33030.00	-49590.00
511	-44680.00	-31730.00
586	-36916.43	25076.25
1297	-85784.39	6270.61
1299	-86059.25	7754.86
135	-1350.00	-10880.00
1942	-38715.54	15942.14
942	-36027.05	-57970.04
1987	-103144.30	-29742.62
1982	-105648.72	-32247.03
1983	-104953.05	-29325.22
1995	-102170.36	-28907.81
1992	-106066.12	-27377.34
2001	-101613.83	-31690.50
1988	-103144.30	-32107.90
1978	-107179.19	-29881.75
672	-24926.29	22400.40
1796	-87811.54	-6069.06
1932	-43538.39	-27346.88
564	-41805.01	-34665.62
926	-23219.25	-52095.79
797	-30840.00	-8540.00
1512	-75119.80	18199.55
1906	-56731.39	-46606.73
272	-54709.11	-30235.85
183	-61264.91	-48525.73
566	-42575.40	-31776.64
1163	3340.00	1240.00
1795	-87750.49	-4970.21
1790	-88840.00	-7060.00
1789	-88862.82	-5933.19
507	-44790.28	-23494.91
357	-52098.95	-24810.54
323	-56153.59	-55851.46
22	-67386.82	-35725.39
1045	-5115.16	-2036.25
1186	3432.48	9910.62
1665	-68248.29	16275.53
226	-56738.38	-4224.16
703	-37856.74	-24554.20
1503	-75810.00	-33710.00
192	-59441.05	-4271.58
262	-56470.00	-41430.00
1550	-74760.93	-54508.50
878	-26589.72	-26383.88
1328	-84300.14	4291.62
16	-67943.35	2397.38
370	-2132.88	8519.28
1117	-5638.80	-4218.09
510	-44501.38	-28791.37
1110	-9641.05	-49399.41
1156	1866.74	3287.45
283	-54035.01	-29080.26
1180	557.64	6691.13
715	-3959.40	-8664.82
998	-1648.21	-6642.54
452	-46812.57	-30235.85
1585	-71640.00	17910.00
19	-67804.22	-37395.00
232	-58946.27	-48629.01
729	-35930.75	-17139.16
717	-36460.00	-15770.00
1955	-34967.76	-14827.97
1047	-17071.66	-9890.88
1036	-16984.38	-11199.99
607	-43923.59	-52866.18
73	-65040.00	18720.00
284	-55820.00	-29410.00
1039	-17595.30	-11985.45
7	-63190.86	15560.89
611	410.00	-1940.00
1914	-53056.00	12554.17
834	-36604.85	-55658.86
172	-60670.00	-13800.00
1827	-98274.61	-5115.87
774	-32670.00	-2260.00
343	-49886.58	669.24
720	-35160.36	-41021.37
723	-2322.40	5556.57
832	-28580.00	-9780.00
801	-31597.28	-10687.10
1376	-81300.23	-45882.18
907	-24860.00	-12340.00
166	-61988.59	-13333.67
697	-37567.84	-51421.69
695	-38530.83	-53058.78
872	-36893.74	-53732.87
909	-24952.63	-13287.18
353	-53334.26	15058.59
1953	-38279.17	7738.41
688	-34871.46	8669.05
374	-51386.38	12415.04
372	6666.80	9309.34
1198	-7384.27	-6923.57
659	-25362.66	19433.09
821	-44501.38	-55947.76
1568	-69473.83	-53534.56
447	-48820.03	12845.33
1202	-6380.00	-8070.00
338	-55090.26	-13944.15
346	-53030.00	-15480.00
1201	-6410.00	-6340.00
830	-40842.01	-55466.26
919	-33716.34	-59656.47
352	-3381.60	-7412.93
364	-51525.52	-524.44
576	-38145.63	2217.00
542	-43640.00	-1080.00
745	-34197.36	-17042.86
1976	-96668.86	12207.60
700	-37380.00	-15020.00
1190	-7330.00	-5050.00
1505	-75480.00	-28600.00
633	-38916.03	-23302.31
72	-63942.10	12672.42
113	-62701.94	-768.28
1683	-66830.28	-45186.51
1659	-69473.83	-48664.87
1669	-68221.62	-45743.05
1528	-67247.68	-51030.15
1681	-68154.35	-15287.18
340	-53991.41	-15348.23
1670	-68639.02	-48108.33
1652	-70865.17	-48386.60
754	-35834.45	-4812.85
764	-33730.00	-7150.00
758	-34220.00	-6530.00
1901	-58368.48	-46895.63
1685	-65160.67	-40038.55
1680	-66830.28	-43656.04
1661	-69056.43	-44212.57
1668	-67247.68	-41012.49
1649	-68499.89	-42682.10
1524	-69891.23	-49777.94
1882	-107318.33	-7342.01
687	-38056.77	-5267.30
691	-40167.92	-3464.66
692	-37740.00	-4130.00
1879	-95909.32	-39342.88
1219	7049.97	-246.17
301	-62099.72	-56038.98
533	-45656.98	-12227.89
525	-42960.60	-24746.80
318	-54516.51	-41406.57
146	-59974.03	-19560.49
79	-62415.92	-25237.87
311	-54700.00	-47150.00
741	-34351.86	4422.01
369	-49299.37	-2054.92
524	-44116.19	-43717.75
1714	-97578.93	-21672.84
15	-66830.28	11997.64
616	-41755.16	-2754.29
1567	-72770.00	-18620.00
1561	-73404.41	-19743.63
630	-31351.06	-31968.77
556	-43030.00	-9820.00
1469	-77250.00	-41200.00
471	-45849.57	-43717.75
470	-46270.00	-19350.00
1785	-89459.81	-16324.99
1612	-69070.06	-25054.73
6	-66830.28	-47690.93
1791	-87839.54	-28768.68
1358	-81951.01	-2589.37
380	-489.65	4247.46
312	-55094.30	-39480.58
591	-40456.82	-20124.43
1074	-14540.72	-2210.79
1084	-14098.42	18258.68
432	-49596.01	-22124.47
1584	-72534.78	-663.57
1447	-77404.48	-47273.53
1286	-86340.00	-15400.00
914	-21678.46	-40925.07
1434	-75595.73	2814.78
526	-45175.48	-42273.26
108	-63697.91	-16569.17
342	-52109.03	-39673.18
1431	-79081.79	-16691.27
1272	-87090.00	-15400.00
2022	-96760.00	-28900.00
734	-30634.29	11172.83
1573	-71878.23	-16874.41
1602	-70718.33	-17484.88
1600	-71030.00	-19260.00
455	-46930.00	-31690.00
1648	-68947.96	-20293.05
1282	-86470.00	-13690.00
1294	-86220.00	-32000.00
825	-26397.12	13195.11
1767	-89276.67	-20659.33
632	-39108.63	483.61
1305	-85308.60	-6130.11
580	-41034.61	-39865.78
549	-44116.19	-13190.89
726	-11872.28	15754.26
358	-52709.42	-22368.65
531	-44031.09	-8776.03
55	-65995.47	20763.09
886	-23989.64	-38517.59
203	-59524.07	1639.20
642	-38145.63	-30813.65
661	-38627.13	-49399.41
1697	-91996.23	11657.88
465	-12358.88	-814.41
1732	-90511.98	12372.51
428	-11733.14	12136.77
271	-10351.58	-2996.26
74	-65299.80	-7063.75
1183	-8431.56	-5090.83
41	-67108.55	22989.24
1081	-14794.09	14084.65
1519	-74430.00	-27570.00
540	-43923.59	-42369.56
442	-47770.00	-39840.00
228	-61859.23	19815.38
761	-36701.14	-8857.42
316	-54936.60	14410.04
1098	374.07	-12324.19
1738	-90930.00	-8980.00
253	-56677.48	-19621.53
1777	-90253.42	-15287.18
1557	-72813.37	-57007.05
384	-51143.38	8909.87
1733	-91178.76	-32525.30
24	-66590.00	-18160.00
161	-60910.00	-8620.00
307	-53377.53	20742.20
314	-62894.54	-53155.08
958	-33715.87	-57681.14
1666	-68200.00	-18480.00
313	-1576.35	-34334.05
171	-62124.15	2313.30
71	-64339.03	-31295.15
1267	-86169.93	-29881.75
985	-19860.00	6560.00
1105	-8672.19	13806.38
57	-65510.00	-30370.00
1251	-87810.00	-16460.00
126	-61931.55	-3849.86
186	-60958.34	21474.91
596	-41130.91	14447.00
1554	-74564.30	13404.98
1604	-69752.10	-6089.81
601	-41708.71	-32739.64
1690	-71143.44	6710.54
1555	-70865.17	-55065.04
1476	-74065.26	-38090.67
1654	-68398.54	-17240.69
1468	-77260.00	-17750.00
91	-64430.00	-13420.00
663	-39975.32	-28791.37
739	-4440.89	-22531.91
1206	-4853.33	4771.11
1019	-20498.60	-56038.98
1574	-71551.25	-5816.03
266	-54113.50	-18339.54
1730	-93480.48	17374.97
2002	-95789.30	9513.97
1798	-87283.00	-52282.36
1444	-75696.51	-6530.73
1477	-76790.00	-19390.00
1896	-60151.84	-46716.99
1529	-75039.20	-51586.69
2027	-105648.72	-18751.02
362	-52494.22	-33028.53
930	-44212.49	-59221.93
1023	-10796.64	-42176.96
94	-64918.85	-16630.22
1380	-83665.52	-24038.12
182	-60360.00	18480.00
839	-31789.88	-54599.57
1102	-15675.28	4422.01
33	-66078.75	-20964.57
1787	-89509.15	-31273.09
2019	-102031.23	-2054.92
1298	-86120.00	-16500.00
1285	-86380.00	-28350.00
1092	-14237.56	15615.13
468	-45542.75	17841.27
1610	-70550.67	-13105.96
905	-23604.45	-9820.41
1966	-33370.00	-10050.00
288	-57566.67	15593.05
1752	-94239.71	-20003.23
246	-13493.43	3898.37
780	-32460.00	-9130.00
1012	-23142.15	-57291.19
2012	-99387.68	-29742.62
1656	-68639.02	11858.50
798	-29464.53	16989.43
1908	-56955.75	18473.08
1026	-18968.12	13249.85
1325	-82969.85	-30020.89
808	-27167.52	-38132.39
1189	-1455.62	-53540.28
1540	-74065.26	5458.33
1182	-8966.96	-31391.45
1761	-89480.00	-28340.00
876	-20081.19	24658.85
867	-26108.23	-52769.88
489	-49508.95	-12998.29
856	-26300.82	-8183.32
569	-42864.30	-36399.01
1866	-94100.58	-39760.28
1943	-41419.81	-21087.42
787	-29960.20	-15983.56
817	-46716.27	-55947.76
294	-56432.11	21091.29
693	-37730.00	-15930.00
46	-65468.28	-14371.48
1287	-85195.99	-24455.52
469	-49797.84	7513.46
1946	-43153.19	-49784.60
265	-52282.09	4675.24
45	-65890.00	-13000.00
1676	-70865.17	14641.19
929	-15489.77	23406.64
1678	-67850.00	-14080.00
1826	-91039.63	-50612.75
403	-56812.62	8658.42
238	-57610.00	-45340.00
1432	-75178.33	-47830.06
259	-50759.32	21178.57
1576	-72030.00	-23120.00
479	-46619.97	-42851.06
1797	-88396.08	-30160.02
458	-48931.15	-10109.31
981	-30826.89	-57970.04
728	-38145.63	-46125.23
1043	-10604.05	-38228.69
223	-58360.00	-37690.00
1040	-21485.86	-53347.68
481	-45656.98	-41213.97
583	-42286.50	-30139.56
592	-42575.40	-54021.77
996	-25819.33	-58066.34
1253	-87283.00	-30994.83
116	-62930.00	-13880.00
614	3648.25	-10013.01
612	-41901.30	1928.10
933	-40745.71	-58933.03
1858	-94657.12	-32525.30
848	-27840.00	-53770.00
1396	-79352.36	-37951.54
400	-58064.83	-57430.32
2005	-97548.41	6215.64
1881	-97022.40	-31829.63
361	-47442.92	21178.57
394	-47181.09	22836.77
1658	-68778.16	8797.55
1212	-4633.49	-34954.52
1816	-98692.01	-16524.87
784	-28323.11	-23976.40
2	-67440.00	-22160.00
1075	-3456.95	-5090.83
1208	-7384.27	1541.98
30	-66330.00	-36480.00
791	-31420.00	-49840.00
1722	-91317.90	-29325.22
86	-64620.00	-12170.00
1693	-91178.76	-37534.13
1922	-49299.37	-37395.00
962	-21880.00	5250.00
443	-50410.22	14022.12
1725	-91596.16	-30855.69
480	-43253.78	16116.69
1361	-83943.78	-37951.54
626	-41160.00	-30970.00
1027	-13107.83	-45836.33
451	-46908.87	-41213.97
337	-6752.07	-33798.93
488	-43651.77	14979.02
1368	-82135.04	-37255.86
545	-44501.38	-29658.06
594	-41708.71	-28309.87
922	-27455.31	-60213.00
541	-41708.71	-22724.51
402	-56812.62	13249.85
482	-46042.17	-10013.01
84	-63758.96	8582.26
355	-48914.86	16685.97
1037	-14237.56	-50056.21
1276	-86910.00	-16460.00
1484	-76380.00	-58670.00
478	-45522.89	15331.23
31	-66280.00	-7630.00
1441	-79213.22	-55899.85
1422	-81218.44	-19621.53
1030	-24856.34	-55947.76
1856	-94378.85	-31133.96
1824	-92848.37	-31133.96
1855	-94796.25	-29464.35
532	-16741.97	11719.37
48	-65773.51	-11685.40
315	-54075.72	17513.07
1377	-75039.20	310.37
1991	-100918.15	4345.26
354	-5202.43	-5789.02
1591	-71160.00	-23830.00
599	-42190.20	-14346.48
643	-40230.00	-46710.00
544	-43249.49	-30043.26
1556	-73020.00	-53290.00
1246	-87960.00	-15400.00
865	-26108.23	-9338.92
520	-8100.26	-28406.17
1522	-75874.00	-50473.61
1502	-75860.00	-29610.00
1229	-6463.18	-24746.80
1622	-66830.28	-54091.10
1999	-108987.94	-19029.29
115	-62980.00	-16020.00
854	-27410.00	-10200.00
884	-27360.12	-13864.98
276	-54901.70	-32450.74
875	-25434.13	-10109.31
584	-43634.69	-28117.27
473	-45403.62	-37116.73
325	-4633.49	-54792.17
2007	-98757.80	4236.65
120	-64186.73	22015.30
5555	-63044.61	21901.65
3003	-98098.13	15890.73
3004	-56534.35	22293.57
3005	9832.66	1979.98
3006	6537.22	-11553.80
3007	-26011.93	-28502.47
3001	-69056.43	24937.12
3002	-14237.56	20484.82

